61565559201095
61565340899230
61564918305953
61565111947284
61565372155864
61565045586764
61565408607685
61564795396288
61565151818828
61565309104290
61565117110534
61564903456597
61565125689985
61565617852837
61565242026198
61565121099275
61565679440968
61565214636695
61565150954689
61565636820084
61564939125748
61565118338467
61565010342235
61564946475158
61565405935628
61565607683400
61565557255666
61565153499104
61565638462457
61565349003559
61565465519436
61565446763032
61565171853720
61565391653053
61565227856623
61565418429483
61565621240716
61565373411724
61565370543908
61565175056489
61564509047737
61565716404444
61565660189694
61566545123075
61566442257457
61566283233806
61566348811546
61566490735468
61565821817196
61565987621013
61565982761022
61566343082103
61565927143479
61566573111638
61565885325402
61566033009619
61566478016179
61566491875293
61565906473993
61565965151871
61566588980962
61566496765047
61566054398840
61566475556039
61565884064990
61565978051182
61566309932900
61566142446555
61566556042236
61566366570356
61566003400554
61565834116596
61566143796757
61566343141963
61566354991439
61566434336865
61566374129474
61566268263390
61566383879205
61566502674004
61565895043802
61566245313836
61566441686581
61566129366380
61566447145973
61566438176693
61565750807681
61566114966820
61565866064776
61566504383749
61566562521301
61566339661014
61566328232558
61565851306707
61566246034654
61566366181316
61565880555902
61565950932461
61566172236107
61566451346987
61566413548694
61566493285519
61566047619305
61566322203699
61565877646177
61565887275398
61565986361171
61566375210627
61566538463162
61566579861676
61566000760649
61565931660291
61566015057523
61565829604603
61565596153471
61566149933687
61565918430841
61565667820618
61565709608261
61565940629762
61565545725310
61565679100033
61565778665943
61566045086262
61565971888136
61565705138367
61565895481800
61565521636504
61565814574779
61565982628008
61565794685231
61566266450814
61565837043086
61565582023916
61565882251967
61566260300838
61566147983591
61566032516508
61565788295792
61565493857213
61565685068892
61566134783749
61566154853098
61565957669747
61565711439051
61565525408735
61566134454365
61565891822136
61565526879849
61565760126834
61565579924576
61565756286750
61565614812809
61565543505584
61566146063989
61566310400202
61566322850615
61565671810187
61565590063739
61565924370532
61565710448956
61565486507874
61566135774316
61565500577234
61565617482526
61565667490544
61566128364100
61565836234211
61565700189257
61565837404156
61565911201346
61565863293017
61566185092774
61565869383124
61565900671495
61565924429782
61565696979242
61565751847209
61566022257340
61565719597970
61566290900831
61565555774874
61566041576342
61565535556041
61566126894542
61565848563776
61565888522129
61565957759063
61565512246839
61565589553450
61565901570304
61565871961850
61566139673154
61565480537457
61565617571383
61565626391365
61565664669740
61565625611028
61565882401283
61565585172901
61565768795553
61565504896001
61565519955586
61565468327708
61566267740411
61565898420511
61565481977812
61565879371545
61565653000178
61566118854082
61565857742222
61565928449719
61565654980362
61565928089442
61565947018867
61565905860429
61565830263612
61566207351260
61566271220116
61565912909612
61565513715200
61565462447251
61565492553845
61565239751369
61565780691182
61565380238364
61565091287054
61565479654416
61565044397841
61565433036359
61565835290156
61565425895556
61566000760649
61566000760649
